Headline;Month;Day
Coronavirus Testing Used by the White House Could Miss Infections;5;13
Trump Praises Barr and Revels in Dismissal of Charges Against Flynn;5;8
Despite Promises, Testing Delays Leave Americans ‘Flying Blind’;4;6
That Airport Spa? It’s a Coronavirus Testing Clinic;10;7
‘Nobody Sees Us’: Testing-Lab Workers Strain Under Demand;12;3
Nevada Revokes Halt on Rapid Antigen Testing in Nursing Homes;10;10
F.D.A. Orders Companies to Submit Antibody Test Data;5;4
White House Races to Contain Virus in Its Ranks: ‘It Is Scary to Go to Work’;5;10
Companies Ditch Plans for Rapid Coronavirus Spit Tests at Home;10;1
Coronavirus Briefing: What Happened Today;8;28
On Monday, Trump Updated the Nation on Virus Strategy. By Friday, He Tested Positive.;10;2
C.D.C.’s ‘Clarification’ on Coronavirus Testing Offers More Confusion;8;27
Rave Under the Kosciuszko Bridge: Are Illicit Parties Endangering N.Y.C.?;8;8
The White House physician says Trump has tested negative, but experts warn about trusting the results.;10;13
In Texas, Voting Reflects Partisan Split Over How to Deal With Virus;6;29
Why Trump is Pushing for Higher Oil Prices;4;13
What to Know About California’s Testing Expansion;4;24
Herd Immunity, or Big 2nd Wave? Israel Antibody Testing Hopes to Find Out;5;5
Coronavirus Briefing: What Happened Today;5;14
Daily Coronavirus Testing at Home? Many Experts Are Skeptical;9;6
A Rapid Virus Test Falters in People Without Symptoms, Study Finds;11;2
Testing Remains Scarce as Governors Weigh Reopening States;4;25
Why We’re Losing the Battle With Covid-19;7;14
As Georgia Reopens, Virus Study Shows Black Residents May Bear Brunt;4;30
F.D.A. Clears First Home Saliva Test for Coronavirus;5;8
‘Feeling Like Death’: Inside a Houston Hospital Bracing for a Virus Peak;6;29
What You Need to Know About Getting Tested for Coronavirus;12;10
Tracking the White House Coronavirus Outbreak;10;2
A New Generation of Fast Coronavirus Tests Is Coming;7;6
White House, Under Fire for Discouraging Coronavirus Testing, Says It Will Buy Millions of Test Kits;8;27
Ford Joins Effort to Make Ventilators;3;30
Entertainment Is Power in Push for Racial Justice;8;27
The Time for TikTok’s Talks Is Ticking Down;8;28
How Abortion, Guns and Church Closings Made Coronavirus a Culture War;4;20
Charting a Coronavirus Infection;10;3
The Next Gauge of the Economy Will Be Corporate Earnings;4;10
‘Bubbles’ Are Working. But How Long Can Sports Stay Inside?;7;30
Officials Say C.D.C. Errors Caused Testing Delays;4;18
‘We’re Clearly Not Doing Enough’: Drop in Testing Hampers Coronavirus Response;8;15
Conflicting Virus Data in Texas Raises Distrust of the Government;9;13
Officials Warn of ‘Catastrophic Storm Surge’ With Hurricane Laura;8;26
How Confident Can You Be in a Coronavirus Test?;12;23
Louie Gohmert’s Coronavirus Case Reveals a Dangerous Reality in Congress;7;30
Coronavirus Briefing: What Happened Today;4;13
The Lost Month: How a Failure to Test Blinded the U.S. to Covid-19;3;28
Daily Coronavirus Cases in the U.S. Soar Past 50,000 for the First Time;7;2
Trump Threatens to Leave W.H.O. and Permanently End Funding;5;18
Despite Masks’ Proven Value, Some U.S. Leaders Avoid Mandates;7;19
U.S. Reports Nearly 50,000 New Coronavirus Cases, Another Single-Day Record;7;1
Hawaii’s Reopening May Be Good for Tourism. Is it Good for Locals?;11;6
The Global Death Toll Now Tops 500,000;6;28
Fauci Says Virus Cases ‘Never Got Down to Where We Wanted to Go’ as Deaths Pass 130,000;7;6
Six Months of Coronavirus: Here’s Some of What We’ve Learned;6;1
F.D.A. Clears First Home Saliva Test, Pence’s Press Secretary Has Virus;5;8
Honduran President Tests Positive;6;16
Global Coronavirus Cases Surge, Stinging Even Places That Seemed to Have Control;7;23
Trump Insists He Has ‘Total’ Authority to Supersede Governors;4;13
Outbreak Strikes Seattle Area as Testing Is Scrutinized;3;2
Britain’s Contact Tracing for Coronavirus Falls Short of Promises;6;17
As Governors Plead for Tests, Trump Promises Ventilators to Europe;3;30
Trump Foments Protests Against Governors, Experts Warn of Testing Shortages;4;17
Pence Tells Governors to Repeat Misleading Claim on Outbreaks;6;15
As New Coronavirus Cases Hit Another Record in the U.S., Some States Delay Reopenings;6;25
C.D.C. Recommends Wearing Masks in Public, Trump Says, ‘I’m Choosing Not to Do It’;4;3
A Year Like No Other: 2020 in Pictures;12;9
